<f:128x16>
00000000000000000000000000000000001111111100000000000000000000000000000000000000000000000000000000000000000000000000000000000000
00000000000000000000000000000000000011110000000000001110000000000000000000000000000000000000000000000000000000000000000000000000
00000000000000000000000000000000000011110000000000001110000000000000000000000000000000000000000000000000000000000000000000000000
00000000000000000000000000000000000011110000000000000000000000000000000000000000000000000000000000000000000000000000000000000000
00000000000000000000000000000000000011110000000000000000000000000000000000000000000000000000000000000000000000000000000000000000
00000000000000000000000000000000000011110000000000011000111111111100001111001111100111110111000000000000000000000000000000000000
00000000000000000000000000000000000011110000000000111100001111000110001111000111100011100010000000000000000000000000000000000000
00000000000000000000000000000000000011110000000001011100001111000111000111100111100001110110000000000000000000000000000000000000
00000000000000000000000000000000000011110000000000011100001110000111000111100111100001111100000000000000000000000000000000000000
00000000000000000000000000000000000011110000000100011100001110000111000111100111100000111100000000000000000000000000000000000000
00000000000000000000000000000000000011110000000100011100001110000111000111100111100000111100000000000000000000000000000000000000
00000000000000000000000000000000000011110000000100111001001110000111000111100111100000111110000000000000000000000000000000000000
00000000000000000000000000000000000011110000001100111011001110000111000111100111100000111110000000000000000000000000000000000000
00000000000000000000000000000000000011110000001100111010001110000111000111100111100000100111000000000000000000000000000000000000
00000000000000000000000000000000000011110000111100110110001110000111000111100111100001000011100000000000000000000000000000000000
00000000000000000000000000000000001111111111111100111100111111011111100011110111110111101111110000000000000000000000000000000000

