<s:74x32>
0
0
00000000000000000000000000000000000000000000000000000000000000000000000000
00000000000000000000000000000000000000000000000000000000000000000000000000
00000000000000000000000000000000000000000000000000000000000000000000000000
00000000000000000000000000000000000000000000000000000000000000000000000000
01111111111000000000000000000000000000000000000000000000000000000000000000
00011111100000000000000111000000000000000000000000000000000000000000000000
00001111000000000000000111000000000000000000000000000000000000000000000000
00001111000000000000000111000000000000000000000000000000000000000000000000
00001111000000000000000000000000000000000000000000000000000000000000000000
00001111000000000000000000000000000000000000000000000000000000000000000000
00001111000000000000011100001111111111100000111110011111100011111101111000
00001111000000000000111110000011111000111000111110000111100001111000110000
00001111000000000001101110000011111000111000001111000111100000111100100000
00001111000000000001001110000011110000111100001111000111100000111101100000
00001111000000000100001110000011110000111100001111000111100000011111000000
00001111000000000100011110000011110000111100001111000111100000001111000000
00001111000000000100011110000011110000111100001111000111100000001111000000
00001111000000000100011100100011110000111100001111000111100000001111100000
00001111000000001100111100100011110000111100001111000111100000001111110000
00001111000000001100111101100011110000111100001111000111100000011011110000
00001111000000011100111101000011110000111100001111000111100000010001111000
00011111000001111100111011000011110000111100001111001111100000110000111100
11111111111111111100011110001111111011111110000111110111111011111011111110
00000000000000000000000000000000000000000000000000000000000000000000000000
00000000000000000000000000000000000000000000000000000000000000000000000000
00000000000000000000000000000000000000000000000000000000000000000000000000
0
0
0
0
