<r:32x32>
00000000000001111111000000000000
0000000000001       100000000000
000000000001         10000000000
000000000001         10000000000
000000000001         10000000000
000000000001 1  111  10000000000
000000000001    1 1   1000000000
000000000001  111     1000000000
000000000001 111111   1000000000
000000000001 111111   1000000000
000000000001    1 1    100000000
00000000001      11    100000000
00000000001 11111111    10000000
0000000001  11111111     1000000
000000001   111111111    1000000
000000001  1111111111     100000
00000001   11111111111    100000
00000001  111111111111     10000
0000001   111111111111     10000
0000001   111111111111     10000
0000001   111111111111     10000
0000001   111111111111     10000
000000011 11111111111      10000
000011 11  11111111111    100000
0001  1111  111111111111111 1000
001 1111111  11111111111111 1000
001 1111111  1111111  111111 100
001 11111111 111111   1111111 10
001 11111111          11111  100
001  1111111          111  11100
000111   111   11111  11  100000
000000111   111111111    1000000
