<r:256x32>
000000000000000000000000000000000000000000000000000000000000011111110000000000000000000000000000000000000000000000000000000000000
0000000000000000000000000000000000000000000000000000000000001       1000000000000000000000000000000000000000000000000000000000000
000000000000000000000000000000000000000000000000000000000001         1000000000000000000000000000000000000000000000000000000000000000000000000000000000000000000000000000000000000000000000000000000000000000000000000000000000000000000000000000000000000000000
000000000000000000000000000000000000000000000000000000000001         1000000000000000000000000000000000000000000000000000000000000000000000000000000000000000000000000000000000000000000000000000000000000000000000000000000000000000000000000000000000000000000
000000000000000000000000000000000000000000000000000000000001         1000000000000000000000000000000000000000000000000000000000000000000000000000000000000000000000000000000000000000000000000000000000000000000000000000000000000000000000000000000000000000000
000000000000000000000000000000000000000000000000000000000001 1  111  1000000000000000000000000000000000000000000000000000000000000000000000000000000000000000000000000000000000000000000000000000000000000000000000000000000000000000000000000000000000000000000
000000000000000000000000000000000000000000000000000000000001    1 1   100000000000000000000000000000000000000000000000000000000000000000000000000000000000001111111111000000000000000000000000000000000000000000000000000000000000000000000000000000000000000000
000000000000000000000000000000000000000000000000000000000001  111     100000000000000000000000000000000000000000000000000000000000000000000000000000000000000011111100000000000000111000000000000000000000000000000000000000000000000000000000000000000000000000
000000000000000000000000000000000000000000000000000000000001 111111   100000000000000000000000000000000000000000000000000000000000000000000000000000000000000001111000000000000000111000000000000000000000000000000000000000000000000000000000000000000000000000
000000000000000000000000000000000000000000000000000000000001 111111   100000000000000000000000000000000000000000000000000000000000000000000000000000000000000001111000000000000000111000000000000000000000000000000000000000000000000000000000000000000000000000
000000000000000000000000000000000000000000000000000000000001    1 1    10000000000000000000000000000000000000000000000000000000000000000000000000000000000000001111000000000000000000000000000000000000000000000000000000000000000000000000000000000000000000000
00000000000000000000000000000000000000000000000000000000001      11    10000000000000000000000000000000000000000000000000000000000000000000000000000000000000001111000000000000000000000000000000000000000000000000000000000000000000000000000000000000000000000
00000000000000000000000000000000000000000000000000000000001 11111111    1000000000000000000000000000000000000000000000000000000000000000000000000000000000000001111000000000000011100001111111111100000111110011111100011111101111000000000000000000000000000000
0000000000000000000000000000000000000000000000000000000001  11111111     100000000000000000000000000000000000000000000000000000000000000000000000000000000000001111000000000000111110000011111000111000111110000111100001111000110000000000000000000000000000000
000000000000000000000000000000000000000000000000000000001   111111111    100000000000000000000000000000000000000000000000000000000000000000000000000000000000001111000000000001101110000011111000111000001111000111100000111100100000000000000000000000000000000
000000000000000000000000000000000000000000000000000000001  1111111111     10000000000000000000000000000000000000000000000000000000000000000000000000000000000001111000000000001001110000011110000111100001111000111100000111101100000000000000000000000000000000
00000000000000000000000000000000000000000000000000000001   11111111111    10000000000000000000000000000000000000000000000000000000000000000000000000000000000001111000000000100001110000011110000111100001111000111100000011111000000000000000000000000000000000
00000000000000000000000000000000000000000000000000000001  111111111111     10000000000000000000000000000000000000000000000000000000000000000000000000000000000011110000000001000111100000111100001111000011110001111000000011110000000
0000000000000000000000000000000000000000000000000000001   111111111111     1000000000000000000000000000000000000000000000000000000000000000000000000000000000001111000000000100011110000011110000111100001111000111100000001111000000
0000000000000000000000000000000000000000000000000000001   111111111111     1000000000000000000000000000000000000000000000000000000000000000000000000000000000001111000000000100011100100011110000111100001111000111100000001111100000000000000000000000000000000
0000000000000000000000000000000000000000000000000000001   111111111111     1000000000000000000000000000000000000000000000000000000000000000000000000000000000001111000000001100111100100011110000111100001111000111100000001111110000000000000000000000000000000
0000000000000000000000000000000000000000000000000000001   111111111111     1000000000000000000000000000000000000000000000000000000000000000000000000000000000001111000000001100111101100011110000111100001111000111100000011011110000000000000000000000000000000
000000000000000000000000000000000000000000000000000000011 11111111111      1000000000000000000000000000000000000000000000000000000000000000000000000000000000001111000000011100111101000011110000111100001111000111100000010001111000000000000000000000000000000
000000000000000000000000000000000000000000000000000011 11  11111111111    10000000000000000000000000000000000000000000000000000000000000000000000000000000000011111000001111100111011000011110000111100001111001111100000110000111100000000000000000000000000000
0000000000000000000000000000000000000000000000000001  1111  111111111111111 100000000000000000000000000000000000000000000000000000000000000000000000000000011111111111111111100011110001111111011111110000111110111111011111011111110000000000000000000000000000
000000000000000000000000000000000000000000000000001 1111111  11111111111111 100000000000000000000000000000000000000000000000000000000000000000000000000000000000000000000000000000000000000000000000000000000000000000000000000000000000000000000000000000000000
000000000000000000000000000000000000000000000000001 1111111  1111111  111111 10000000000000000000000000000000000000000000000000000000000000000000000000000000000000000000000000000000000000000000000000000000000000000000000000000000000000000000000000000000000
000000000000000000000000000000000000000000000000001 11111111 111111   1111111 1000000000000000000000000000000000000000000000000000000000000000000000000000000000000000000000000000000000000000000000000000000000000000000000000000000000000000000000000000000000
000000000000000000000000000000000000000000000000001 11111111          11111  1000000000000000000000000000000000000000000000000000
000000000000000000000000000000000000000000000000001  1111111          111  111000000000000000000000000000000000000000000000000000
000000000000000000000000000000000000000000000000000111   111   11111  11  10
000000000000000000000000000000000000000000000000000000111   111111111    10
