<r:128x32>
10000000000000000000000000000000000000000000000000000000000000011000000000000000000000000000000000000000000000000000000000000001
01000000000000000000000000000000000000000000000000000000000000100100000000000000000000000000000000000000000000000000000000000010
00100000000000000000000000000000000000000000000000000000000001000010000000000000000000000000000000000000000000000000000000000100
00010000000000000000000000000000000000000000000000000000000010000001000000000000000000000000000000000000000000000000000000001000
00001000000000000000000000000000000000000000000000000000000100000000100000000000000000000000000000000000000000000000000000010000
00000100000000000000000000000000000000000000000000000000001000000000010000000000000000000000000000000000000000000000000000100000
00000010000000000000000000000000000000000000000000000000010000000000001000000000000000000000000000000000000000000000000001000000
00000001000000000000000000000000000000000000000000000000100000000000000100000000000000000000000000000000000000000000000010000000
00000000100000000000000000000000000000000000000000000001000000000000000010000000000000000000000000000000000000000000000100000000
00000000010000000000000000000000000000000000000000000010000000000000000001000000000000000000000000000000000000000000001000000000
00000000001000000000000000000000000000000000000000000100000000000000000000100000000000000000000000000000000000000000010000000000
00000000000100000000000000000000000000000000000000001000000000000000000000010000000000000000000000000000000000000000100000000000
00000000000010000000000000000000000000000000000000010000000000000000000000001000000000000000000000000000000000000001000000000000
00000000000001000000000000000000000000000000000000100000000000000000000000000100000000000000000000000000000000000010000000000000
00000000000000100000000000000000000000000000000001000000000000000000000000000010000000000000000000000000000000000100000000000000
00000000000000010000000000000000000000000000000010000000000000000000000000000001000000000000000000000000000000001000000000000000
00000000000000001000000000000000000000000000000100000000000000000000000000000000100000000000000000000000000000010000000000000000
00000000000000000100000000000000000000000000001000000000000000000000000000000000010000000000000000000000000000100000000000000000
00000000000000000010000000000000000000000000010000000000000000000000000000000000001000000000000000000000000001000000000000000000
00000000000000000001000000000000000000000000100000000000000000000000000000000000000100000000000000000000000010000000000000000000
00000000000000000000100000000000000000000001000000000000000000000000000000000000000010000000000000000000000100000000000000000000
00000000000000000000010000000000000000000010000000000000000000000000000000000000000001000000000000000000001000000000000000000000
00000000000000000000001000000000000000000100000000000000000000000000000000000000000000100000000000000000010000000000000000000000
00000000000000000000000100000000000000001000000000000000000000000000000000000000000000010000000000000000100000000000000000000000
00000000000000000000000010000000000000010000000000000000000000000000000000000000000000001000000000000001000000000000000000000000
00000000000000000000000001000000000000100000000000000000000000000000000000000000000000000100000000000010000000000000000000000000
00000000000000000000000000100000000001000000000000000000000000000000000000000000000000000010000000000100000000000000000000000000
00000000000000000000000000010000000010000000000000000000000000000000000000000000000000000001000000001000000000000000000000000000
00000000000000000000000000001000000100000000000000000000000000000000000000000000000000000000100000010000000000000000000000000000
00000000000000000000000000000100001000000000000000000000000000000000000000000000000000000000010000100000000000000000000000000000
00000000000000000000000000000010010000000000000000000000000000000000000000000000000000000000001001000000000000000000000000000000
00000000000000000000000000000001100000000000000000000000000000000000000000000000000000000000000110000000000000000000000000000000
