const uint8_t is_square_mod_11[] = {
	1, 1, 0, 1, 1, 1, 0, 0, 0, 1, 0,
};
CTASSERT(sizeof(is_square_mod_11) == 11);

const uint8_t is_square_mod_63[] = {
	1, 1, 0, 0, 1, 0, 0, 1, 0, 1, 0, 0, 0, 0, 0, 0,
	1, 0, 1, 0, 0, 0, 1, 0, 0, 1, 0, 0, 1, 0, 0, 0,
	0, 0, 0, 0, 1, 1, 0, 0, 0, 0, 0, 1, 0, 0, 1, 0,
	0, 1, 0, 0, 0, 0, 0, 0, 0, 0, 1, 0, 0, 0, 0,
};
CTASSERT(sizeof(is_square_mod_63) == 63);

const uint8_t is_square_mod_64[] = {
	1, 1, 0, 0, 1, 0, 0, 0, 0, 1, 0, 0, 0, 0, 0, 0,
	1, 1, 0, 0, 0, 0, 0, 0, 0, 1, 0, 0, 0, 0, 0, 0,
	0, 1, 0, 0, 1, 0, 0, 0, 0, 1, 0, 0, 0, 0, 0, 0,
	0, 1, 0, 0, 0, 0, 0, 0, 0, 1, 0, 0, 0, 0, 0, 0,
};
CTASSERT(sizeof(is_square_mod_64) == 64);

const uint8_t is_square_mod_65[] = {
	1, 1, 0, 0, 1, 0, 0, 0, 0, 1, 1, 0, 0, 0, 1, 0,
	1, 0, 0, 0, 0, 0, 0, 0, 0, 1, 1, 0, 0, 1, 1, 0,
	0, 0, 0, 1, 1, 0, 0, 1, 1, 0, 0, 0, 0, 0, 0, 0,
	0, 1, 0, 1, 0, 0, 0, 1, 1, 0, 0, 0, 0, 1, 0, 0,
	1,
};
CTASSERT(sizeof(is_square_mod_65) == 65);

